In the money for testing:
[((1, 11), (4.32965964143428, 0.41762055853416147)), ((1, 21), (7.285811593625496, 2.9857246319003012)), 
((7, 33), (7.7812490039840165, 0.4347133491922399)), 
((7, 39), (2.6528657768923654, 0.18725957170067709)), ((9, 11), (8.821339003984088, 0.9446027504962728)), 
((9, 13), (10.142647529880541, 0.7040610999745223)), 
((9, 29), (8.632993784860554, 0.41311308721085105)), ((9, 32), (11.168353266932266, 2.032221299797863)), 
((9, 44), (9.371205577689206, 0.04242194407172306)), 
((11, 35), (6.791989880478066, 0.3965819127920378)), ((11, 46), (9.508762948207224, 1.9551730237969611)), 
((13, 14), (7.712413984063757, 1.548989391063408)), 
((13, 36), (10.019453745019858, 3.0285550791305926))]
[((14, 18), (12.912147211155379, 5.259450718160809)), ((17, 35), (5.838956573705189, 0.33201920633713566)), 
((30, 35), (7.174974860557734, 0.5603145127829148))]

Overfit:
[('33', '35', -7.91, 1.49, 1.0, -0.66, 0.5),
('20', '24', -24.39, 1.29, 1.0, -1.57, 0.7),
('7', '26', 77.11, 1.07, 1.0, 0.35, 1.1),
('10', '18', -8.52, 0.78, 1.0, -4.01, 1.3),
('21', '42', 4.83, 0.24, 1.0, -1.49, 1.0),
('4', '5', 29.7, 0.61, 1.0, -2.8, 1.0),
('14', '39', -76.8, 0.28, 1.0, -1.9, 1.9)]

For the new brute force:
[((0, 7), (1, 1.97), 81), ((0, 32), (1, -2.36), 66), ((1, 2), (1, -2.4), 65), ((1, 3), (1, -0.8), 62), ((1, 12), (1, -2.54), 87), ((1, 14), (1, -0.97), 65), ((1, 18), (1, -0.61), 61), ((1, 30), (1, -0.62), 81), ((1, 34), (1, -0.54), 61), ((1, 35), (1, 0.43), 61), ((1, 36), (1, 0.65), 74), ((1, 41), (1, 0.4), 77), ((1, 46), (1, 0.36), 67), ((2, 7), (1, 0.28), 61), ((2, 11), (1, -0.25), 64), ((2, 12), (1, -1.7), 76), ((2, 13), (1, -0.36), 65), ((2, 14), (1, -0.33), 85), ((2, 16), (1, -0.57), 61)]